[[ 0.26667682 -0.22626156 -0.26476645 -0.4958803  -0.29406944 -0.13902088
   0.26394105  0.13314551  0.20507609 -0.37040429 -0.34873925  0.26800623
  -1.19160703  0.85078542 -0.22421676 -0.54548025 -0.8592613  -2.26652468
  -0.23444674  0.49772612  0.18042196  0.51777873 -0.03104065  0.98166875
   0.51738796  0.63432516  0.66383488  1.42376669  0.34008828  0.63876977
   0.38295881  0.05023791  1.21610897  1.94429039  1.09932217]
 [ 0.18823448 -1.56990003 -1.58120466  0.11280028  0.70322484 -0.28163679
  -1.65327356 -0.30522775  0.2591544   0.33852961 -0.85981971  0.02800877
   0.20944053  0.82985072  0.39486488  0.82017127 -0.09954262 -0.8690659
  -0.89887628  0.09469089  1.43268129 -1.78379148 -0.15368146  0.74374628
  -0.18363063  0.55530494 -0.9176739   0.07221368  0.38795737  0.19371216
  -1.07961733 -1.12024659  0.57910562 -0.88583777  0.48535333]
 [ 0.4331306   1.21969736  1.16563253  0.44672532 -0.11241921 -1.70579532
  -0.11900345 -0.30518777  0.65579227 -0.01220396 -0.49484026  0.21612259
  -0.02270242  0.26712444 -0.00456863 -0.08578563 -0.19448476  0.06517223
  -0.81823108 -0.22463413  0.96354738  1.25505242 -0.36209054 -1.00421857
  -1.51261407  1.11215037  0.82611239 -1.42681437  0.73928886 -1.43154906
   0.67168957  0.6118722   0.28318676  0.11995119 -0.13849268]
 [-0.02967871  1.12118396  1.0824795  -0.28640944  0.10603238  0.27153069
  -1.11036191  0.74110066 -0.43809893  0.22726258 -0.07808792  0.80197659
   0.34784889 -0.62635594  0.24249219 -2.33111726 -1.33026961  1.55160877
  -0.14042163 -0.20996341 -0.68876676  1.22682042  0.01047055 -0.46703216
  -0.1465963  -1.46036538 -0.36931515 -0.39033214 -0.3597686  -0.13757913
  -0.32763288  1.29919661  0.01794329  0.56836512 -0.14234255]
 [ 0.00429098 -1.69935543 -0.43572866 -1.45686158  0.37589248 -0.55839351
  -0.38693408 -0.78846115 -0.18492415 -0.09124958  0.12613559 -1.37160349
   0.18051376  0.36919173  0.06040015  1.83081386  1.14605628  1.07808415
   1.38035605 -0.29405706 -0.03145862  1.18841634  1.31772005  0.2865946
   0.60982352 -1.15244274 -1.1043075  -0.85078845 -0.04465991 -0.27232245
  -0.76900883 -0.80284347 -1.82606588 -0.57693243  0.11237364]
 [-0.44853039  0.82208588  0.41508323  0.55647509 -0.54386347  1.01981689
   1.36006703 -0.54897404 -0.13421163 -0.35692701  0.49413031  0.02169901
   0.46198569  0.19923498 -2.42672159  0.33582283  0.10459798 -0.49789704
   1.15313553  0.876975   -2.24909224  0.06231762  0.11781652  0.47414643
   0.81866856  0.37793724  0.2854724  -0.39163012 -0.04467737  0.91994297
   0.24873759 -0.00700664 -0.43409095  0.07533513 -0.79547625]
 [-0.40822894  0.25810751  0.12053679  0.235718    0.37543755  0.54799223
   0.24762461  0.17115254 -0.19365063 -1.88560262  0.35218247 -0.6898476
  -1.26177629 -0.39110912 -1.47460598  0.21006791  0.99495652  0.58451207
   0.22888925 -0.40057055  0.913397   -0.97900417 -0.25108235  0.60642632
  -0.29867855  1.50569162  0.90270252  0.13826333 -0.16257402 -0.25110618
   0.15568687  0.08145271 -0.22525068  0.48413391  0.28913817]
 [ 0.64010952  0.17139562 -0.03087481  0.81900838  0.31125792  0.50062465
   1.16647581  0.81702357  0.12845892  0.8353055   0.17410556  0.44177544
   1.51773754 -0.70249227  0.8684183  -1.87701919 -0.57022598 -0.98846154
  -1.08494254 -0.34075366 -0.73769371 -1.87452536  0.5280317  -0.61984036
  -0.35939081 -0.6853912   0.138376    0.11928601 -0.91544645 -0.30906362
  -0.76843908 -0.99532336  0.49346576 -0.60531605  0.20459157]
 [-0.83222609 -0.42128134 -0.47229993 -0.39020851 -0.53176894 -0.38448334
  -0.70702944 -0.79848736  0.0135579   0.54563517  0.46976465  0.20629802
  -0.13357298 -0.248397    1.21179208  1.02225942  0.29663593  0.40113099
   0.50265298 -0.07247028  1.17691938  0.03904819 -0.7072414  -0.46407633
   0.38295623  1.61055676 -0.11386714  0.69522269  0.08125934  0.42572339
   0.62313159  0.51068112  0.04808812 -0.16609311 -0.63104683]
 [ 0.16619932  0.29293992  0.01004993  0.42320491 -0.33552273  0.73895411
   0.93933729  0.84257539 -0.34502695  0.83416023  0.13038931  0.13380256
  -0.0716852  -0.60009728  1.33033165  0.66273256  0.49084737  0.90760618
  -0.11408492  0.08656513 -0.92906186  0.36506865 -0.46194316 -0.47925072
   0.16166159 -2.50018058 -0.31634019  0.61655973 -0.04107329  0.19845237
   0.92136684  0.35183791 -0.14600686 -0.9639563  -0.46496409]]